6712	0
10882	0
8563	0
1801	0
8434	0
57104	0
10309	0
1178	0
3163	0
4863	0
4628	0
1387	0
6862	0
55854	0
79572	0
57863	0
2634	0
1785	0
7004	0
8419	0
4361	0
23058	0
10097	0
5521	0
9363	0
9333	0
6642	0
7862	0
4893	0
5810	0
1630	0
23102	1
6531	0
3185	0
3109	0
4340	0
11169	0
9638	0
11345	0
11015	1
7022	1
1244	0
11083	0
14102	0
1638	0
3936	0
29	0
10376	0
5831	0
350	0
6541	0
9834	0
4087	0
11051	0
1969	0
25936	0
6233	0
1810	0
6358	0
4358	0
22876	0
90627	0
10633	0
2994	0
311	0
9208	0
10233	0
4836	0
8850	0
825	0
30849	0
3431	0
6003	0
29899	0
91977	0
140465	0
3889	0
9600	0
90806	0
8048	0
7337	0
57658	0
9126	0
10129	0
5174	0
9399	1
23534	0
9968	0
7398	0
1259	0
50628	0
26002	0
8694	0
9961	0
26986	0
3574	0
2976	0
3475	0
4319	0
8193	0
10526	0
6327	1
3421	0
5531	1
2274	0
51742	0
27072	0
6894	0
2002	0
4902	0
1203	0
4591	0
4261	0
5873	0
51109	0
23311	0
1068	0
55720	0
486	0
10919	0
2134	0
4066	0
4213	0
7479	0
26100	0
10220	0
5309	0
10611	0
2045	0
3149	0
5310	0
23048	0
943	0
8493	0
56910	0
9683	0
4258	0
1585	0
4709	0
8611	0
6631	0
7098	0
25909	0
2705	0
8577	1
23397	0
7419	0
57338	0
4094	0
5970	0
23171	0
8321	0
6421	0
4704	0
1266	0
5780	0
3419	0
8789	0
3326	0
23157	1
8993	0
4209	0
10430	1
4144	0
4784	0
26234	0
3627	0
39	0
7514	0
7466	0
10300	0
558	0
25854	0
5536	0
9859	0
79095	0
573	0
22880	0
2710	1
1084	0
7184	0
26013	0
5324	0
10238	0
60436	0
3446	0
638	0
2350	0
64844	0
23362	1
506	0
5929	0
4184	0
5554	0
23318	0
2937	0
8100	0
661	0
9873	0
8600	0
3157	0
10075	0
2719	0
57060	0
23105	0
55557	0
8537	0
581	1
26046	0
23379	0
4046	0
4676	0
89910	0
4200	0
678	1
6837	0
6709	0
8941	0
6097	0
6780	0
9762	1
8913	0
56967	0
1973	1
1991	0
65122	0
8214	0
5475	0
9467	1
10866	0
203197	0
10447	0
23659	0
9842	0
2745	0
652	0
51044	0
8776	0
11332	0
8711	0
2034	0
7745	0
3851	0
9197	0
2029	1
57447	0
27044	1
3552	0
10144	0
25781	0
27130	0
4552	0
8153	0
23273	0
4218	0
23225	0
9583	1
775	0
20	1
9808	0
6010	0
23295	0
9705	1
23479	0
1983	0
7750	0
11152	0
3787	0
23429	0
3562	0
1627	0
3030	0
7247	0
6274	0
6612	0
5571	0
79424	0
57050	0
51032	0
8028	0
10327	0
23544	0
9149	0
9697	0
4582	0
1981	0
7634	0
10656	0
2081	0
11061	0
8754	0
8462	0
3559	0
1855	0
9223	0
432	0
10083	0
5349	0
5713	0
10949	0
9520	0
10256	0
10787	0
9973	0
5217	0
708	0
246243	0
2583	0
11146	0
10923	0
2589	0
9401	0
2814	0
23277	0
1656	0
7087	1
856	0
23149	0
5105	0
112	0
9217	0
3211	0
191	0
5935	0
11191	0
3612	0
5097	0
262	0
1944	0
9694	0
5165	0
24139	0
80777	0
8851	0
10458	1
6257	0
2590	0
3750	0
25948	0
10158	0
9255	0
5337	0
23613	0
8073	0
2099	0
9133	0
23392	0
7123	0
10414	0
6181	0
3217	0
5745	0
26	0
4923	0
6513	0
91369	0
7299	0
23247	0
2250	0
526	1
1901	0
10134	0
6218	0
7409	0
25888	0
57150	0
55746	0
6568	0
55973	0
27063	0
3694	0
23193	1
23514	0
10106	0
6207	0
27339	0
51780	0
3458	0
1182	0
22987	0
225	0
6744	0
142	0
207	0
81550	0
23507	1
10450	0
1510	0
7595	0
48	0
25978	0
3641	0
63940	0
8667	0
56099	0
5795	0
3170	0
8607	0
5288	0
3730	0
4128	1
3135	1
4356	0
3665	0
7054	0
23385	0
56288	0
7041	0
10659	0
54550	0
7978	0
64405	0
10665	0
11333	0
6017	0
1141	0
6716	0
9904	0
984	0
1155	0
22976	0
10844	0
788	0
1485	0
8724	0
5238	0
8848	0
6335	0
11251	0
25833	0
1617	0
8634	0
56941	0
490	1
1843	0
56342	0
10516	0
10389	0
2626	0
51574	1
9044	0
1112	0
6502	0
8857	0
23365	0
1294	0
222161	0
9081	0
84759	0
9941	0
23022	0
27124	0
2712	0
1562	0
7352	0
57239	0
1358	0
7111	0
4640	0
782	0
10016	0
51382	0
1557	0
26045	0
2281	0
6874	0
10111	0
1486	0
10544	0
4987	0
6883	0
27101	1
6510	0
5223	0
3607	0
10114	0
2876	1
3428	0
781	1
8029	0
11046	0
8451	0
3015	0
9323	0
6490	0
5589	0
1950	0
2782	0
5720	0
11272	0
2037	0
22846	0
5578	0
9867	0
5327	0
23002	0
11315	0
1193	0
55	0
3592	0
1890	0
8723	0
6134	0
6281	0
26031	0
10193	0
872	1
8801	0
6434	0
27097	0
395	0
10574	0
89	0
988	0
8910	0
2295	0
10229	0
10026	0
9016	0
1454	0
23207	0
23080	0
8528	0
23420	0
23326	0
7982	0
79143	0
8661	0
2533	0
3960	0
84444	0
9187	0
7454	0
1584	0
25915	0
26065	1
7174	0
10550	0
1675	0
23119	0
649	0
5527	0
8793	0
6038	0
3903	0
2150	0
642	0
1318	0
50859	1
8704	0
23650	0
5965	0
1908	0
23216	0
6480	0
4291	0
2792	0
10912	0
1718	0
10190	0
8082	0
8847	0
6748	1
3003	0
9849	0
11187	0
11168	0
4849	0
9731	0
8668	0
5018	0
2665	1
4609	0
7272	0
5592	0
23194	0
26578	0
10597	0
776	0
64976	0
23160	0
3738	0
23432	0
66008	0
2673	0
23021	0
1269	0
5625	0
181	0
58498	0
9593	0
412	0
6239	0
11073	0
25847	0
8642	0
11069	1
4242	0
830	0
8476	0
10694	0
58497	0
5204	0
2886	0
2543	0
9688	0
51626	0
9063	0
8892	0
5650	0
5129	0
335	0
6660	0
10938	0
23227	0
7189	0
9374	0
4681	0
55573	0
22980	0
4287	0
2791	0
29984	0
83941	0
9778	0
8076	0
9914	0
7691	0
5362	0
4481	0
11139	0
4664	0
7957	0
29114	1
5756	0
4856	1
2936	0
440	0
23527	0
9881	0
9110	0
8364	0
1289	0
2525	0
9716	0
7159	0
841	0
1044	0
5737	0
25782	0
91	0
2137	0
8510	0
7402	0
4116	0
467	0
26085	0
26108	0
9088	0
8001	0
27230	0
8324	0
27335	0
11177	0
563	0
3248	0
9497	1
22926	0
2953	0
4058	0
6947	0
6915	0
7334	0
6715	1
23078	0
8745	0
8899	0
79716	0
126393	0
3489	0
23151	0
10215	0
8884	0
5338	0
7164	0
3628	0
5934	0
4176	0
7262	0
10876	0
6322	0
55186	0
10981	1
222255	0
2911	0
10265	0
10681	0
116829	0
305	0
928	0
7274	0
27035	0
1644	0
6506	1
23235	0
23093	0
217	0
8509	0
7143	0
4076	1
158	0
10422	0
9790	0
91316	0
23252	0
23499	0
3832	0
4928	0
51100	0
9563	0
11335	0
10427	0
10671	0
6415	0
9665	0
3658	0
11184	0
1418	0
9993	0
36	0
1368	0
472	0
8446	0
1655	1
23376	0
1943	0
5077	0
711	0
132	0
11269	0
6905	0
3779	0
5412	0
26151	0
5724	0
2180	0
8936	1
2769	0
7700	0
9152	0
81569	0
201254	0
25943	0
27079	0
9486	0
1018	0
9924	0
10575	0
9765	0
27284	0
26132	0
998	1
25840	0
2806	0
6792	1
26055	0
7439	0
4621	0
3032	0
7385	0
4831	0
8733	0
23240	0
3880	0
3192	0
4294	0
22903	1
5159	0
10498	0
1545	0
6733	1
1838	0
1773	0
1058	0
6192	0
3166	0
3704	1
10287	0
26096	0
11054	0
6374	0
3141	0
8225	0
1535	0
4978	0
3775	1
23350	0
6450	0
4253	0
5690	0
7718	0
3780	0
7412	0
6741	0
3918	0
8992	1
5442	0
80742	0
165	0
6588	0
9887	0
6319	0
11005	0
1231	0
2979	0
10135	0
3270	0
9450	0
2569	0
2961	1
8824	0
23625	0
5864	0
22998	0
319	0
2571	0
11215	1
1179	0
23066	0
735	0
10201	0
84990	0
9657	0
9889	0
7104	0
1271	0
6921	0
8547	0
344	0
4682	0
116987	1
10048	0
8781	0
7324	0
2949	0
8396	1
91543	0
6624	0
9710	0
2224	0
4783	1
6271	0
26020	1
1118	0
10581	0
5152	0
60312	0
5916	0
22850	0
55672	0
6938	1
23312	1
5564	0
5080	0
5683	0
57214	0
4191	0
10954	0
22837	0
80781	0
22808	0
4998	0
1301	0
383	0
22822	0
3817	0
6449	0
3651	0
10487	0
8555	0
9928	0
6711	0
4157	0
8496	0
11122	1
11011	0
92	0
63036	0
85458	0
5354	1
3687	0
4791	0
9332	0
1212	0
1477	0
1164	0
5450	0
55312	1
2824	0
171558	0
4597	0
5777	0
10735	0
6310	1
11144	0
2739	0
670	0
419	0
995	0
837	1
9021	0
2015	0
53335	0
22798	0
6066	0
7073	0
4521	0
3839	0
9459	0
8976	0
84942	0
80852	0
6398	0
406	0
26148	0
7088	0
2289	0
4798	0
2312	0
19	0
54363	0
3096	0
1030	0
763	0
2730	0
8874	0
4632	0
2021	0
3430	1
79008	0
4590	0
5193	0
570	0
24145	0
9725	0
1880	0
3123	1
5191	0
3761	0
883	0
4883	0
4063	0
4610	0
23349	1
9181	0
8420	0
1998	0
6545	0
5387	0
6774	0
6199	0
6667	0
9352	0
5236	0
1070	0
10765	0
7169	0
3117	0
23186	0
3275	0
4332	0
5976	1
6532	0
4500	0
80765	0
23287	0
23220	0
3549	0
4776	0
6206	0
57178	0
55719	0
92342	0
51112	0
7010	0
6579	0
3601	0
9091	0
26101	0
8912	0
5301	0
9254	0
9542	0
6777	0
23005	0
6236	0
26098	0
8867	1
580	1
2800	0
9722	1
23604	0
30850	0
7791	0
7049	0
6632	0
9858	0
23285	1
5818	0
2523	0
23047	0
9972	0
4618	0
9097	1
90634	0
31	0
8000	0
27315	0
51778	0
4717	0
4093	0
10318	0
25876	0
6609	0
8608	0
23506	0
8546	0
4439	0
8736	0
5444	0
28973	0
3336	0
4629	0
5502	1
10301	1
968	0
675	0
51046	0
22881	0
8312	0
8807	0
4722	0
6529	0
8337	0
382	0
23281	0
10955	0
3487	0
2846	0
4208	1
4729	0
7019	0
55970	1
4329	1
9748	0
60439	0
926	0
10775	0
57238	0
1293	0
4000	0
6137	0
8991	0
8818	0
65125	0
662	0
127703	1
23363	0
51582	0
55056	0
178	0
57804	0
10867	0
3156	0
124	0
3992	0
1429	0
9821	0
4259	0
9807	0
10771	0
5702	0
1974	1
4988	0
6875	0
4350	0
8394	0
2483	0
3611	1
1374	0
9480	0
10150	0
6098	0
9782	0
9263	0
22827	1
8202	0
27163	0
9651	0
10507	0
93081	0
7694	0
10990	0
2212	0
51045	0
716	0
6694	0
5294	0
685	0
5607	0
21	0
4862	0
523	1
3975	0
6344	0
27346	0
10329	0
10308	0
3937	0
3895	0
3303	0
351	0
595	1
23683	0
11018	0
6996	0
8564	0
23306	0
2926	0
1854	0
9127	0
84059	0
835	0
55547	0
16189	0
6863	1
5874	0
1267	0
11052	0
4620	0
113	0
901	0
2191	0
7021	0
10921	0
9639	0
6388	1
1056	0
6540	0
3108	1
6049	0
124152	0
8881	0
4285	0
25937	0
10530	0
8440	0
1473	0
5066	0
881	0
148022	0
8566	0
10636	0
6880	0
27107	0
10744	0
405	0
7033	0
6908	0
3843	0
8045	0
23500	0
1734	0
3565	0
11281	0
9354	0
7042	0
26608	0
27286	0
56902	0
10221	0
1258	0
10641	0
26001	0
7009	0
2313	0
392	0
23170	0
3653	0
51347	0
6998	0
5463	0
5530	0
2254	1
3354	0
10941	0
9693	1
10899	0
6895	0
813	1
2014	1
9770	0
644	0
6641	0
9283	0
6810	0
7784	0
1820	0
3360	0
23371	0
55322	0
7294	0
5308	0
2110	0
23310	0
1802	0
1968	0
4185	0
4065	0
2273	0
5660	0
10660	0
3476	0
10391	0
9984	0
3231	0
3617	0
56909	1
2043	1
9437	0
3646	1
10969	0
10013	0
4857	0
4828	0
329	0
9815	0
525	0
8120	1
27	0
23386	0
8764	0
23452	0
9231	1
2331	0
1902	1
3909	0
84986	0
5255	0
5216	0
2001	0
10766	0
3736	0
8825	0
1310	0
5901	0
2115	0
4703	0
6512	0
4357	0
7112	0
10291	0
5796	1
4234	0
6670	1
3695	0
3035	0
6939	0
65083	0
1181	0
6009	0
58473	0
1809	0
2744	1
9848	0
26140	0
2559	0
4133	1
5801	1
5890	0
9905	0
60	0
5287	0
7596	0
80350	0
1400	0
2615	0
9847	0
5587	0
7273	0
6004	0
6301	0
1388	0
1676	0
219654	0
5245	0
5453	0
10664	0
427	0
5121	0
6503	0
4735	0
51379	0
84364	0
9684	0
9810	0
2202	0
650	0
4635	0
51341	0
23658	0
7318	0
1763	0
131408	0
4299	0
29969	1
2762	0
9325	0
224	1
23633	0
3608	0
8633	0
10845	0
11001	0
9364	0
6050	0
25834	0
1982	0
51304	0
5226	0
3423	0
6539	0
5980	0
9043	0
26044	1
51101	0
23421	0
8529	0
1435	0
8773	0
6569	0
7139	0
498	0
483	0
27338	0
1487	0
5576	0
4311	0
9367	1
23333	0
9851	0
10142	0
4698	1
2028	0
3075	0
7360	0
8655	0
27069	1
1606	0
6156	0
2064	0
25780	0
10162	0
78987	0
5424	0
3553	0
27043	0
5218	0
1933	1
790	0
2022	0
6295	0
533	0
23317	0
5164	0
116832	0
11062	0
10240	0
23138	0
3551	0
1122	0
4643	0
6045	0
414	0
84148	0
10336	0
3852	0
6556	0
7832	0
3746	0
10971	0
79084	1
26191	0
5919	0
8021	0
83700	0
25880	0
3593	0
9933	0
9148	1
10863	0
5932	0
7781	0
23274	0
5709	0
3673	0
1409	0
22908	0
10284	0
8662	0
1716	0
9521	0
293	0
1272	0
23324	0
27333	0
1663	0
2888	0
3818	0
10604	0
9739	0
10020	0
10232	0
23647	0
635	0
25841	1
9707	0
1088	0
5373	0
10788	0
3950	0
26330	0
3603	0
310	0
40	0
9819	0
10209	0
8458	0
26039	0
10728	0
63923	0
5626	0
10381	0
4320	0
57188	0
3764	0
267	0
7753	0
9704	0
1892	0
2044	0
23398	0
9513	0
8038	0
204851	0
10457	0
22862	1
10871	0
2813	0
57151	1
6189	0
28955	0
2517	0
27255	0
2577	0
7547	0
23056	0
6210	1
9296	0
9	0
10944	0
11259	1
7379	0
3359	0
1740	1
9882	0
9584	0
5423	0
23077	1
90	0
8712	0
11197	1
4712	0
3514	0
8722	0
27242	0
55566	0
9717	0
56311	0
2696	0
1360	0
4683	0
5891	0
3620	0
6484	0
8554	0
55611	0
10073	0
10614	0
1490	0
25797	0
2947	0
4199	0
11262	0
11079	1
171546	0
26165	0
23228	1
2288	0
23332	0
11138	0
11338	0
2954	0
4841	1
23067	0
23526	0
842	0
4288	0
23076	0
2000	0
3340	0
2531	0
6498	0
11190	0
199	0
8707	1
6557	0
51669	0
7764	0
9779	0
23111	0
4606	0
4814	0
22919	1
5128	1
26057	0
5789	0
6334	0
84890	0
26229	0
9493	0
23327	0
11243	0
6507	0
9532	0
7048	0
3223	0
2122	0
10643	0
27036	0
2280	0
5581	0
10100	0
280	0
273	1
8626	0
10137	0
63941	0
471	0
23545	0
8777	0
2262	0
8099	0
79888	0
9475	0
10426	0
5631	0
25842	0
1936	1
2912	0
6611	0
7089	0
1325	0
55794	0
131	0
1643	0
9512	0
1565	0
9498	0
23251	0
81488	0
6016	0
26999	0
23236	1
10425	0
7991	0
7097	0
6708	0
4665	0
3488	0
80344	0
2935	0
6949	0
23096	0
3875	0
6416	1
26133	0
5078	0
26030	0
9755	0
1839	0
11045	0
2186	0
9781	0
9322	0
6282	1
23451	0
8826	1
57213	0
1147	0
7173	0
7259	0
9866	0
64210	0
334	0
3902	0
22992	0
57680	1
11153	0
1997	0
4675	0
6650	0
55556	0
5256	0
7181	0
2879	0
1139	0
23215	0
5984	1
4043	0
1826	0
5995	0
9698	0
2077	0
2036	1
8452	0
10266	0
5588	0
820	0
6988	0
8468	0
5698	0
94239	1
131566	0
30837	0
6666	0
10412	0
27307	0
10573	0
3716	0
5579	1
23015	0
7307	0
41	0
3014	0
2887	0
8934	0
3084	0
23195	0
8703	0
866	0
23300	0
5454	0
23040	1
10594	0
5118	0
7363	0
8502	1
26237	0
29762	0
770	1
9366	0
4292	0
9058	0
641	0
8518	0
23148	0
838	0
4734	0
2962	0
84525	0
2664	0
8187	0
6640	0
1121	0
8435	0
5019	1
4245	0
11074	0
9087	0
10598	0
6493	0
896	0
5593	0
26019	0
55117	1
124565	0
23208	0
5539	0
9896	0
23185	0
3672	0
2903	1
8520	1
9040	0
10924	0
10200	0
135138	0
5096	0
54093	0
6470	0
777	0
5045	0
9341	0
3609	0
6129	0
2786	0
5747	0
1672	0
8641	0
9015	0
23014	0
4924	0
2768	0
9526	0
183	0
10935	0
1102	0
5203	0
7027	0
23405	0
1478	1
439	0
8676	0
8501	0
6397	0
9592	0
23469	0
4598	0
4839	0
10255	0
3798	0
407	0
10974	0
5351	0
18	0
10629	0
7844	0
1393	0
6598	0
22797	0
6252	0
7105	1
10745	0
10180	0
4790	0
6717	0
3373	0
22889	0
9278	0
9353	0
148	0
6453	0
9830	0
5567	1
10159	0
7709	0
4948	0
55966	0
726	0
6241	0
4919	0
6659	0
6948	0
2009	0
51099	0
11012	0
4192	1
22905	0
2627	0
9798	0
3576	0
1213	0
10084	0
11273	0
81	0
9411	0
8061	0
6955	0
8856	0
624	0
27324	0
6209	0
10120	0
204	1
5190	0
9871	0
1041	0
6872	0
814	1
7699	0
2492	0
23039	0
2109	0
5192	0
22897	0
5133	0
8888	0
4927	0
7710	0
6205	0
6311	0
345	0
9625	0
4846	0
6059	0
613	0
5141	0
9184	0
23286	0
10362	1
952	0
4804	0
1071	0
6758	0
9636	0
55832	0
4331	0
7248	0
51050	0
26064	0
10670	0
11131	0
5928	1
25822	0
9841	0
6602	1
10163	0
54737	0
5009	0
7919	0
23032	0
51364	0
9656	0
23341	0
23230	0
8226	0
8729	0
1105	0
23761	0
6760	0
3705	0
51111	0
10497	0
23351	0
23125	1
3948	0
7701	0
9711	0
3776	0
2805	1
26054	0
26097	0
2149	1
1830	0
10006	0
25963	0
26152	0
25999	1
1620	1
25903	0
2241	0
3060	0
5914	0
7411	0
6433	0
9027	0
5695	0
55503	0
7456	0
6142	0
7163	0
11100	1
7453	0
2554	1
1583	0
1538	0
23118	0
10987	0
7289	0
5740	0
8351	0
8747	0
2620	0
5158	0
10098	0
5723	0
6272	0
10279	0
7399	0
2138	0
6695	0
25875	0
10093	0
141	0
3140	0
7376	0
64963	0
6164	0
3043	0
4939	0
23161	0
22858	0
1230	0
4520	0
2993	0
1917	0
6155	0
79758	0
6387	0
5865	0
3590	0
8459	0
1060	0
6364	0
3759	0
7066	0
2104	0
6171	0
116986	1
900	0
10758	0
8644	0
27098	0
2526	0
473	0
9927	0
8685	0
81576	0
2572	1
10003	0
1774	0
7802	0
5608	0
6469	0
4782	0
6428	0
9153	0
2063	0
3420	0
55122	0
5130	0
3269	0
2632	0
10456	0
4544	0
5684	0
22924	0
25998	0
2812	0
8482	0
1488	1
6361	0
898	0
6147	0
3892	0
3670	0
2516	0
5911	0
3362	0
1408	0
6227	0
54732	1
11193	0
4224	0
2969	0
25976	0
4249	0
9248	1
3595	0
578	0
11034	0
79703	0
8743	0
55644	0
10204	0
10168	0
5167	0
5335	0
9906	0
540	0
9144	0
1615	0
27113	1
3065	1
2073	0
23334	0
861	0
337	0
3706	0
10146	0
3172	0
11223	0
10285	0
23373	0
27250	0
6331	0
571	0
9852	0
9703	0
57007	0
9957	0
2592	0
5428	0
6091	0
9131	0
10874	0
1345	0
5715	0
2290	0
9276	1
4153	0
758	0
23029	0
6351	0
5902	0
706	0
14	0
10960	0
4761	1
10898	0
1608	0
9556	1
2328	0
50846	0
22863	0
2889	0
7923	0
3786	0
594	0
7867	0
1438	0
6957	0
6746	0
9585	0
4580	0
7045	0
5213	0
7504	1
3554	0
25928	0
6158	0
10127	0
9982	0
27258	0
6276	0
11007	0
9191	0
2776	0
27347	0
57146	0
1000	0
11222	0
43	0
9818	0
2582	0
3502	0
9522	1
3955	0
5367	0
259197	0
288	1
3763	1
22974	0
119	0
9802	0
10539	0
10513	0
5954	0
11063	0
1180	0
10213	0
221154	0
1446	0
4438	0
8515	0
2118	0
415	0
8904	0
6881	0
55023	0
2597	0
3987	0
7180	0
1356	0
10782	0
8669	0
6303	0
6594	0
1153	0
1871	0
10966	1
5209	0
1022	0
5861	0
56253	0
10014	0
953	0
9380	0
8517	0
5991	0
64595	0
4830	0
7225	0
3912	0
10908	0
6500	1
5553	0
4820	0
23383	0
1762	0
784	1
6637	1
5172	0
6300	0
3080	0
9747	0
1844	0
10467	0
1144	0
23223	0
762	0
9609	0
1723	0
6750	1
10346	0
2047	0
11020	0
10654	0
8726	0
5281	1
10542	0
6118	0
5708	0
25932	0
3696	0
5787	0
9138	0
1349	0
2205	0
177	0
7965	1
23034	0
8292	0
27077	0
2213	0
9509	0
124801	0
7593	0
22821	0
22	0
205	1
6601	0
23262	0
7316	0
3213	0
27340	0
9943	0
10847	0
23307	0
5730	0
8013	0
114932	1
8636	0
4795	0
493	0
23505	0
10983	0
1591	0
2528	0
1677	0
8417	0
6543	1
25807	0
10929	0
1026	1
2752	0
55215	0
5606	0
1390	0
123887	0
8521	0
1993	0
10268	0
1469	0
1499	0
26173	0
400	0
919	0
23316	1
10248	0
23178	0
7984	0
9832	0
633	1
2023	0
1977	1
7551	0
9771	0
9788	1
3445	0
1825	0
1669	0
23137	0
1285	0
10957	0
6401	0
3309	1
56267	0
3594	0
3757	0
1959	0
1549	0
26005	0
9394	0
11167	0
26036	0
51580	1
1208	0
23443	0
1874	0
113146	0
1803	0
9128	0
5533	0
6619	0
10803	0
1201	0
103910	0
64795	0
3300	0
6383	0
4092	0
23162	0
8621	0
22985	0
7059	0
5870	1
23552	0
55816	0
5119	0
4861	0
84900	0
9246	0
9349	1
2356	0
23204	0
9646	0
6548	0
6309	1
9686	1
10198	0
10970	0
10621	0
11057	0
5871	0
646	0
22874	0
25862	0
5380	0
8530	0
5322	0
8861	0
28513	0
4005	0
10282	0
8999	0
3663	0
9397	0
10235	0
7031	0
5276	0
10063	0
26161	0
57187	0
6407	0
4626	0
7993	0
1288	0
810	0
84140	1
5425	0
5885	0
25800	0
33	0
4351	0
9092	0
5654	0
4256	0
10217	0
5619	0
4829	0
8270	0
8737	0
5379	0
23046	0
2013	0
50618	0
10471	0
9875	0
8277	0
4477	0
4899	0
60438	0
23172	0
10054	0
2905	0
5300	1
5612	0
90141	0
6795	0
6519	0
4854	0
3998	0
2817	0
671	0
1511	0
51042	0
6317	0
2249	0
5538	0
5678	0
25778	0
1605	1
663	0
23280	1
4301	0
6892	1
6373	0
5050	0
1945	0
10922	0
969	0
4326	0
5184	0
5802	0
1946	0
4207	0
4089	0
1501	0
54463	0
4808	0
51665	0
8444	0
549	0
23641	0
25895	0
9518	0
8532	0
23126	0
9049	0
3930	1
7018	0
5501	0
946	0
8828	0
93594	0
9368	0
6678	1
1361	0
7020	0
6737	0
5079	0
25950	0
7327	0
10302	0
91746	0
5025	0
1465	0
7366	0
2990	1
10061	0
1397	0
3678	0
941	0
8539	0
27293	0
8915	0
10317	0
9098	0
4848	0
23576	0
7852	0
5063	1
7535	0
8602	0
8817	0
1869	0
3190	0
10868	0
8808	0
2304	0
23308	0
3846	0
6571	0
7096	0
23095	1
3481	0
23284	0
2804	0
8549	0
4149	0
4990	0
102	0
8673	0
10947	0
3827	0
8454	0
51055	0
5157	0
2992	0
5414	1
4942	0
2639	0
3483	0
50804	0
22852	0
5036	0
6518	0
5290	0
7752	0
163	0
9034	0
1106	0
4070	0
3898	0
51257	0
1836	0
10472	0
54470	1
26292	0
9576	0
2731	0
10988	0
9726	0
10772	0
6610	0
3976	0
6731	0
7071	0
5681	0
8838	0
7447	1
5629	0
5447	0
8399	0
2770	0
3859	0
3087	0
7288	0
8786	0
5524	0
25970	0
1577	0
1572	0
7511	0
886	0
4733	0
25900	0
1329	0
7375	1
3728	0
26121	0
5440	1
7410	0
5562	0
22839	0
3568	0
8227	0
8408	0
7702	0
3777	0
320	0
7633	0
5663	0
9893	0
6273	0
7102	0
3756	0
811	1
6184	0
55806	0
249	0
1612	0
8460	0
10724	0
819	0
3680	0
1748	0
51351	0
858	0
10085	0
8574	0
9655	0
51635	0
3768	0
10563	0
64849	0
1479	0
5095	0
9926	0
9948	0
2578	0
23108	0
26105	0
971	0
8289	0
8087	0
7469	0
23301	0
5605	0
4781	0
56171	0
7520	0
51601	0
22872	0
3091	0
2166	1
1378	0
23013	0
81563	1
1054	0
116985	1
7038	0
27292	0
2821	1
2101	1
9534	0
9595	0
3797	1
23249	0
9787	0
9230	0
9938	0
6768	0
10397	0
10004	0
7389	0
2495	0
51367	0
4908	0
3052	0
2322	0
9372	0
10528	0
4179	0
6801	0
4778	0
10902	0
10290	0
5481	0
5899	1
9663	0
10628	0
377	1
9306	1
9488	0
7267	0
22888	0
2050	0
3815	0
1311	0
152185	0
1787	0
22796	0
3579	0
11240	0
22883	1
5110	1
7417	0
701	0
2794	0
10299	0
5884	0
3710	0
214	0
9365	0
23085	0
57205	0
10269	1
6622	1
8427	0
7176	0
6718	0
1650	1
6999	0
2074	0
2539	0
731	0
10046	0
9215	0
2779	0
2139	0
4281	0
23242	0
768	0
5573	0
6396	1
1756	0
1636	0
9334	0
2491	0
199870	0
7086	0
7730	0
10314	1
4976	1
338	0
55567	0
9252	0
51439	0
576	0
3105	1
9793	0
1775	0
26959	0
2334	0
2530	0
4833	0
23347	0
4091	0
1512	0
2956	0
4502	0
2564	0
11130	0
328	0
10732	0
9568	0
6144	0
10241	1
9025	0
7525	0
4803	0
23060	0
9962	0
5003	0
6249	0
7078	0
3745	0
8425	0
997	0
7015	0
4947	0
5001	0
6840	0
9605	0
11040	0
3394	1
608	0
23367	0
9833	0
5731	0
7994	0
23649	0
6036	0
7368	1
2878	0
22993	0
1474	0
23456	0
81631	0
125	0
115703	0
10961	0
5967	0
2152	0
7258	0
1687	0
7404	0
22843	0
1188	0
3142	0
5016	0
149111	0
7138	0
10572	0
23031	1
54805	0
6935	0
6504	0
7293	0
29787	0
9754	0
25820	0
10522	0
8935	0
4690	0
64746	0
7428	0
140890	0
397	0
83604	0
23760	0
9379	0
5368	0
2934	0
51176	0
1657	0
57212	0
5757	0
80347	0
2185	0
10692	0
1191	0
823	0
171017	1
4659	0
64689	0
9886	0
771	0
51035	0
4666	0
9159	0
84516	0
7270	0
23378	0
1797	0
1119	0
8706	0
6696	0
6495	0
11189	0
6940	0
3000	0
50852	0
6729	0
93297	0
915	0
6492	0
5260	0
9370	0
6558	0
1586	0
51317	0
9114	0
4037	0
6811	0
25941	0
2060	1
3561	0
1551	0
9672	0
3981	0
23547	0
23100	1
6857	1
2904	0
23244	0
10940	0
23504	1
11075	1
22904	0
27095	0
3643	0
25839	0
5325	0
10631	0
2346	1
2195	0
6478	0
10591	0
6329	0
2555	1
3718	0
2982	0
1307	0
1812	0
81609	0
27243	0
26128	0
2475	0
58504	0
1875	1
3834	0
5087	0
116039	0
23155	0
9737	1
4084	0
963	0
57862	1
10199	0
5582	0
4931	0
57834	0
23254	0
6340	0
65055	0
6367	0
8503	0
51706	0
5627	0
23474	0
8798	1
5957	0
9166	0
22929	0
7941	0
2697	0
54741	0
23292	0
54963	0
5451	0
23218	1
23352	0
65258	0
9403	0
9718	0
2542	0
6778	0
11234	0
6001	0
9991	0
10439	1
23237	0
22824	0
5594	0
3805	0
22934	0
23023	0
2675	0
8715	0
10424	0
9320	0
1524	0
6830	0
4142	0
11113	0
11311	0
5142	0
6756	0
22930	0
11186	0
1287	0
58495	0
4650	0
54462	1
23231	0
27090	0
654	0
10042	0
27306	0
26056	1
7153	0
2261	0
22900	1
9014	0
10883	0
3993	0
6324	0
5860	1
9555	0
9776	0
22894	0
29909	0
79033	0
10559	0
7150	0
23135	0
7040	0
9868	0
9318	0
7480	1
25763	0
26106	0
57096	0
57798	0
23768	0
864	0
2913	1
5138	0
8890	0
9669	0
11322	0
8897	0
3382	0
23075	0
1896	0
5985	0
9028	0
196	0
7693	0
26025	0
4817	0
4745	0
4143	0
51552	0
5669	0
3816	0
22861	0
118	0
8516	0
8492	0
10157	0
9682	0
23384	0
1659	0
5862	0
6638	0
2173	0
805	0
1020	0
6002	0
4068	0
5707	0
8499	1
6429	0
255057	0
8309	0
2395	0
4129	0
1021	0
6781	0
8514	1
5094	0
55823	0
6595	0
4212	0
934	0
9420	0
8905	0
6451	0
5797	0
5990	0
4035	0
10592	0
948	0
5955	0
6119	0
2160	0
8239	0
5228	0
3785	0
23302	0
6827	0
9768	0
10520	0
1398	0
27318	0
226	0
4296	0
527	0
1145	0
1870	0
5214	0
11325	0
8209	0
6749	0
833	0
22918	0
57634	0
4794	0
2743	0
10657	0
4588	0
3276	0
10461	0
2575	0
6505	0
4641	0
2204	0
1999	0
22895	1
10019	0
6494	0
3632	0
783	0
1357	0
6439	0
9678	0
6953	0
5969	0
10541	0
49	0
4684	0
7786	0
23261	1
6812	1
6228	0
8682	0
2967	0
8418	0
2117	0
4860	0
7110	0
23270	1
6302	0
8858	0
80303	0
10203	0
6604	0
6262	1
715	1
2201	0
9139	0
4232	0
27105	0
9517	0
23	0
364	0
3931	0
3069	0
950	0
2957	0
10249	0
1445	0
9508	0
1678	0
1845	1
1025	0
4692	0
8481	0
11135	0
26168	0
3429	0
10109	0
22844	0
1992	0
1466	1
10466	0
7498	0
9824	0
8079	0
54735	0
4248	0
4534	0
778	0
55643	0
9557	0
5166	0
10096	0
4430	0
460	0
54581	0
81614	0
25977	1
10278	0
244	0
10297	0
8744	0
8411	0
4168	0
6297	0
23136	0
6672	0
2811	0
7586	0
5149	0
23117	0
4901	0
8906	0
27112	0
1607	0
9143	1
1386	0
8883	0
1536	0
25920	0
7851	0
8036	0
10438	0
23256	0
579	0
23224	0
3956	0
1618	0
4701	0
55340	0
3301	0
8220	0
8660	0
6873	0
9369	0
8827	0
4317	0
54035	0
26037	1
10272	0
10814	0
23335	1
5863	1
1628	0
9575	0
9173	0
6011	0
10672	0
3671	0
3911	0
8161	1
10160	0
6473	0
51141	0
9422	0
22906	0
2923	0
9586	0
8553	0
416	0
4154	0
3212	0
100	0
914	0
4756	0
1439	0
9702	0
57157	0
3654	1
2232	0
8751	0
5600	0
3642	0
4646	0
1407	0
496	0
5170	0
25940	0
7738	0
605	0
5289	0
2987	0
6166	0
7355	0
4760	0
4855	0
10525	0
759	0
10399	1
4898	0
10212	1
54555	0
23450	0
2291	0
6117	1
5788	0
2591	0
694	1
5917	0
9817	1
9812	0
5426	0
23473	0
10128	0
5371	0
6357	0
2244	0
3148	0
8852	0
55811	0
7064	0
11216	0
10398	0
7696	0
9220	0
5435	0
24144	0
5449	0
4327	0
50810	1
2687	0
9294	0
9487	0
23045	0
6745	0
2012	0
5111	0
3201	0
11064	0
3257	0
6572	0
5296	0
23259	1
200081	0
11221	0
7639	0
4868	0
83660	0
5303	0
55558	0
7306	0
3621	0
10257	0
90861	0
57326	0
9874	0
6182	0
6372	0
8612	0
7430	0
7047	0
4041	0
5653	1
672	0
8575	0
8675	0
10485	0
7644	0
51043	0
983	0
9969	0
3689	0
5858	0
23007	0
57171	0
9895	0
5540	0
7132	0
7251	1
1746	0
9780	0
84232	0
11082	0
25907	0
4300	0
3356	1
2167	0
8216	0
4004	0
8859	0
9482	0
5024	0
26576	0
23283	0
8538	0
89870	0
677	0
5532	0
26047	0
10663	0
10062	0
9249	0
8809	0
10228	0
23033	0
5925	0
7257	0
10869	0
10505	0
3480	0
590	0
6925	1
5062	0
4201	0
24142	0
10379	0
8914	0
8725	0
664	0
5639	0
4363	0
8788	0
2264	0
23309	0
9746	0
8738	0
1420	0
23168	0
3845	0
3295	0
29906	0
84901	0
3437	0
126	0
9095	0
9261	0
6314	0
2803	0
7979	0
3679	0
651	0
176	0
23098	0
4660	0
94134	0
947	0
282467	0
2810	0
5071	0
920	0
23177	0
9468	0
2305	0
3758	0
84663	0
58487	0
5273	0
6542	0
6135	1
1757	0
4193	0
8406	0
9843	0
23057	0
1413	0
5336	0
50858	0
22859	1
7539	0
2107	0
9959	1
7326	0
11151	0
9562	0
6326	1
1491	0
1362	0
10802	0
4155	1
1804	0
1371	0
2357	0
394	0
22868	0
114908	0
9129	0
10907	0
10627	0
513	1
3938	0
5903	0
2645	0
1519	0
8629	0
2633	0
24149	0
51490	0
797	0
10773	0
2197	0
10609	0
3543	0
4318	0
5207	0
9150	0
22986	0
9402	0
645	0
10250	0
11016	0
10865	0
2566	1
9789	0
5493	0
23062	0
1176	0
9057	0
1815	0
1039	0
7037	0
51350	0
3662	0
4723	0
4130	1
10690	0
10223	0
9687	0
687	0
3320	0
5106	0
10900	1
8332	0
9730	0
9610	0
2184	0
3161	0
9229	0
5509	0
53942	0
5692	1
6643	0
8341	0
5872	1
7936	1
9647	0
5465	0
10738	0
826	0
3990	0
2494	0
10549	1
5467	0
25874	0
3840	0
5265	0
7849	0
2329	0
7030	0
3338	0
6418	0
9389	0
4437	0
2980	0
2653	0
6150	0
23353	0
8483	0
5883	0
9410	0
5565	0
4194	0
6890	0
253943	0
2625	0
4090	0
10001	0
5143	0
16	0
730	0
51366	0
8428	0
921	0
3833	0
22999	0
3631	1
5002	0
2556	0
994	0
9662	0
5360	0
1786	0
22882	0
145389	0
9940	0
80228	0
6847	0
2788	0
80147	0
5257	0
6924	0
1523	0
8972	0
3578	0
6405	0
93	0
90411	0
7763	0
3055	0
84549	0
6546	0
79017	0
374	0
10972	0
2790	0
1306	0
429	0
3688	0
7388	0
4049	0
409	0
23061	0
55884	1
4594	0
9620	0
1962	0
1958	0
9535	0
10917	0
64061	0
157869	0
9026	0
585	0
9745	1
8970	0
4633	0
1080	0
26038	0
55589	0
2819	0
732	0
8837	0
4724	0
23205	0
5480	0
9623	0
11010	0
9120	0
622	0
154661	1
6653	0
970	0
2771	0
9699	1
1658	0
5718	1
5768	0
54657	0
2057	0
9594	0
92104	0
23127	0
23176	0
1237	0
10567	0
8314	0
5315	0
5089	0
5691	0
7348	0
29780	0
2563	0
9792	0
5000	0
23140	0
51614	1
254531	0
8780	0
5194	0
4929	0
7528	0
9604	0
6683	0
270	0
56829	1
6870	0
27304	0
2840	0
8382	0
26150	0
1602	0
5037	0
115207	0
9673	0
5156	0
6389	0
7287	0
5139	0
5341	0
9727	0
1399	0
50626	0
7626	0
6464	1
740	0
1117	0
25814	0
22845	0
103	0
3434	0
8228	0
871	0
5641	0
23460	0
8875	0
10484	0
10576	0
51678	0
10473	1
4528	0
5725	1
2039	1
8800	0
6039	0
4891	0
5411	0
5178	1
11260	0
3363	0
2534	0
5525	0
6772	0
8846	0
6173	0
5500	0
750	0
688	0
22954	0
9221	0
7799	0
23428	0
6738	0
23196	0
2128	0
11202	0
27291	0
10079	0
8315	0
23163	0
2570	0
6697	0
1915	0
10298	0
7783	0
7905	1
7755	0
25901	0
27289	0
9981	0
2737	0
7103	0
29895	0
5514	0
5728	0
11188	0
6183	0
6422	0
23438	0
5962	0
8353	0
8407	1
1385	0
9020	0
2672	0
5168	1
23241	0
51360	0
26120	0
962	0
116984	0
140609	0
1837	0
3778	0
143	0
7384	0
3090	0
8638	0
2323	0
6157	0
2822	0
23116	0
10897	1
9142	0
3033	0
9654	0
518	0
9949	0
4802	0
7703	0
7374	0
5268	0
2914	0
26112	0
1211	0
2906	0
3221	0
2852	0
2155	0
4780	0
8548	0
10564	0
23086	0
384	0
4052	0
23291	1
836	0
261734	0
6767	0
7403	0
25829	1
3068	0
1735	0
5250	0
3512	0
2030	0
11004	0
2286	0
9719	0
9104	0
1595	0
5906	0
7448	0
8504	0
51343	0
5664	0
5971	0
23253	0
1610	0
779	0
9915	0
27257	0
9546	0
9319	0
10125	1
343	0
8445	0
3910	0
3001	0
6559	0
6230	0
80335	0
857	0
54987	0
1010	0
9262	0
10036	0
23024	0
4077	0
4685	0
80317	0
9880	0
8714	0
10980	0
3739	0
321	0
5700	0
10090	0
2896	0
23232	0
27229	0
9777	0
5977	0
9013	0
83740	0
4884	0
7079	0
5900	0
7072	0
23389	0
1652	0
3980	0
26227	0
23495	0
26175	0
760	0
863	0
58503	0
10877	0
51594	0
3702	0
7743	0
11245	0
23370	0
669	0
7594	0
3622	0
5682	0
11118	1
11334	0
6668	0
989	1
8799	0
8412	0
6533	0
4673	1
1137	0
577	1
9724	0
23498	0
10214	0
7305	0
26109	0
4843	0
6356	0
9791	0
8552	0
3381	0
8609	0
10634	0
643	0
79022	0
10989	0
7317	0
6528	0
5721	1
6193	0
1120	0
5732	0
6288	0
11344	0
1475	0
1187	0
7474	0
10406	0
22948	0
23243	0
7690	0
2968	0
8620	0
9681	0
3904	0
7291	0
5452	0
3899	0
10130	1
3017	0
3104	0
2975	0
6734	0
10038	0
90993	0
23644	0
23518	1
1846	0
6618	0
23510	0
22877	0
4832	0
133	0
11047	0
2515	0
4616	0
5017	0
1828	0
23129	0
10776	1
3977	0
23217	0
3006	0
9371	0
306	0
23017	0
6819	0
5966	0
4038	0
5552	0
7095	0
166	0
29889	0
30	0
57799	0
6728	0
7988	0
29901	0
134	0
2151	0
8843	0
26762	0
10612	0
3717	0
6782	0
8192	0
56650	0
22800	0
2196	0
27240	0
23617	0
7296	0
9894	0
1455	0
8674	0
6856	0
6868	0
23598	1
7332	0
5638	0
9001	0
3560	0
1134	0
10714	1
11342	0
3853	0
5201	0
5595	0
7175	0
9373	0
185	0
114882	0
23503	0
10202	0
5122	0
5547	1
8140	0
56951	0
1719	0
8433	0
8790	0
53916	0
7529	0
6942	0
50855	0
23019	0
71	0
89845	0
25802	1
9666	0
2266	0
10408	0
10618	0
6535	0
2915	0
6497	0
11042	0
9997	0
9796	0
463	0
5408	0
517	0
10296	0
5887	0
11170	0
8379	0
81621	0
3588	1
1363	1
722	0
6691	0
1109	0
6787	0
2067	1
8929	0
23233	0
4060	0
4171	0
6911	0
10401	0
7712	0
23164	0
55937	0
23255	0
58	0
8473	0
153	1
9377	0
2932	0
9282	0
23643	0
4086	0
101	0
55957	0
22995	0
23550	0
6403	0
23480	0
9039	0
3655	0
4012	0
7204	0
8646	0
5073	0
27241	0
5880	0
4018	0
9862	0
9760	0
10975	0
5598	0
834	0
22870	0
64087	0
285	0
7345	0
9470	0
57218	0
9084	0
2194	0
25869	0
6616	1
1135	0
7458	0
10570	0
64854	0
9023	0
6726	0
3836	0
2114	0
8671	0
22915	0
10131	0
9908	1
23063	0
55702	0
55353	0
3111	0
22902	0
6727	0
1396	0
5930	0
11336	0
391	0
2033	0
10963	0
5188	1
10058	0
5251	0
4335	0
8796	0
5048	1
2676	0
27246	0
90355	1
6444	1
8455	0
1375	0
180	0
10402	0
4353	0
26094	0
8895	0
10675	0
2939	1
246	0
9918	0
7695	0
10225	0
10495	0
65057	0
25771	0
3241	0
4323	0
55752	1
30851	0
9628	0
7917	1
6688	0
22891	1
11343	0
4661	0
1653	0
23144	0
9312	0
7125	0
8085	0
51407	0
23741	0
8540	0
9525	0
10553	0
11026	0
7481	0
2958	0
23169	0
444	0
8318	0
4025	0
27295	0
23097	0
51363	0
3036	0
10531	0
51066	0
2168	0
7364	0
4137	1
55623	0
3707	0
9670	0
84975	0
9019	0
6457	1
22927	0
4036	0
10211	0
875	0
11119	0
1522	0
136	0
79621	0
1580	0
10725	0
2146	0
23120	0
9077	0
51491	0
10428	0
23025	0
8909	0
26027	0
220594	1
4604	1
5742	0
10985	0
3485	0
7142	0
9260	0
8284	0
23072	0
4811	0
3004	0
6867	0
64942	0
3676	0
5295	0
3939	0
23593	1
23250	0
57824	0
8471	0
8301	0
301	1
25775	0
8148	0
6573	0
4686	0
26134	0
22841	0
8505	0
51	0
1758	0
1822	0
7216	0
56270	0
116138	0
7093	0
1033	0
6693	0
4059	0
2736	0
10626	0
2258	1
10740	0
10246	0
9337	0
1539	0
9939	0
64848	0
29907	0
10565	0
9122	0
796	0
25995	0
27288	0
29937	0
6702	0
366	0
10444	0
5358	0
3727	0
11103	0
56623	0
10950	0
6196	0
5136	0
6821	0
5034	1
22869	1
83609	0
4889	0
6440	0
2108	0
26155	0
7541	0
7052	0
6123	0
57228	0
6770	0
3683	0
9714	0
1161	0
27303	0
10557	0
6563	0
23133	0
6160	0
27067	0
23466	1
1380	0
5457	0
10139	1
990	0
55001	0
2218	0
2316	1
7422	0
9445	0
4772	0
131544	0
10895	0
6832	0
3364	0
7101	0
114088	0
5898	0
3251	1
23219	0
3205	0
1414	0
7443	0
8650	0
9958	0
8880	0
26059	1
860	0
2308	0
3884	0
4887	0
7113	0
1063	0
1776	0
22909	0
7546	0
2576	0
4938	0
8347	1
6125	0
7084	1
2796	0
8659	0
1601	0
23303	0
323	0
8932	1
7507	0
6904	0
65009	0
54738	0
545	0
2733	0
5292	0
9443	0
22885	0
5196	0
4625	0
2326	0
157922	0
7108	0
6909	0
9753	0
26751	1
212	0
3384	0
9921	0
27013	0
8424	0
57125	0
6934	0
9228	0
5108	0
1305	0
23035	0
961	0
11066	0
22834	0
10856	0
10371	0
1662	0
574	0
7874	0
3397	0
660	0
8551	0
56255	0
977	1
4916	0
6813	0
9876	1
90362	0
5093	1
4067	0
7349	0
8870	0
23200	0
23356	1
5687	0
10579	0
2299	0
108	0
8543	0
2820	0
10733	0
604	0
23435	0
89944	0
22989	0
6900	0
57468	1
6591	0
10105	0
2623	0
330	0
26993	0
5734	0
23484	0
27235	1
8973	0
360	0
1857	0
124222	0
7416	0
10562	0
3416	0
10993	0
9635	0
2321	0
5798	0
7517	0
23345	0
3082	0
6536	0
65018	1
1579	0
9903	0
9795	0
682	0
92346	0
2971	0
3633	0
375	0
5774	0
11231	0
2833	0
4189	0
90477	0
8971	0
7265	0
9456	1
3692	0
8065	0
5770	0
5406	0
3726	0
51465	1
23765	0
501	0
54838	1
9729	0
49855	0
2944	0
23090	0
51603	0
2650	0
29890	0
9603	0
155	0
9188	0
387	1
11050	0
7156	0
6663	0
8836	0
25844	0
6175	1
257	0
9416	0
9454	0
25966	0
951	0
7726	0
4750	0
2200	0
7857	0
3614	0
7580	0
9469	0
7026	0
22990	0
3812	0
79090	0
9536	0
8310	0
539	0
10009	0
5569	0
29966	0
23036	0
5023	0
25957	0
23511	0
7295	0
54434	0
3339	0
6347	0
54677	0
11055	0
10524	0
7329	0
23175	0
9463	0
84679	0
3820	0
4617	0
23607	0
9752	0
2642	0
2354	0
5867	0
3790	0
28963	0
3479	0
4714	0
3660	0
5494	0
175	0
6871	0
55735	0
27040	0
6133	0
9052	0
8933	0
1421	0
4033	0
665	0
25850	0
8997	1
9244	0
1207	0
9203	0
114876	1
8405	0
2641	0
2670	0
8569	0
5100	1
23328	0
904	0
930	0
26018	0
5274	1
2972	0
648	0
9884	0
2006	0
2245	0
6617	0
6627	0
3178	0
9056	0
2130	0
8522	1
1028	0
2550	1
9744	0
1059	0
6240	0
2683	1
54205	1
11284	0
9913	0
8603	0
10615	0
7057	0
3983	0
9980	0
23016	0
27076	0
9989	1
361	0
202	0
4436	0
23426	1
1819	0
4801	0
8542	0
1459	0
5279	0
256364	0
1984	0
9211	1
25893	0
10548	0
11098	0
5558	0
307	0
51634	0
5908	0
23354	0
8630	1
6229	0
26003	0
1463	0
154	0
2041	0
4548	0
5320	0
4324	0
2801	0
169522	0
7060	0
27316	0
1462	0
51460	0
9611	0
4752	0
1029	0
11165	0
83637	0
3062	0
2694	0
552	0
5894	1
2657	0
85453	0
7373	0
3766	0
890	0
5676	0
3699	0
23637	0
6891	0
5144	0
9828	0
7321	0
6820	0
51755	0
8819	0
6580	0
9732	0
1350	0
23476	0
10589	0
7739	0
1240	1
3183	0
2815	0
10749	0
25776	0
481	0
867	0
56950	0
7728	0
22832	0
3669	0
3442	0
7568	0
26998	0
9759	0
22911	1
7187	0
10234	0
7518	0
229	0
10252	0
8534	1
4719	0
10668	0
673	0
4204	0
2059	0
1827	0
11037	1
26058	0
1947	0
11060	0
55977	0
1504	0
25	1
11228	0
22826	0
53588	0
57795	0
10529	0
7850	0
4852	0
10370	0
5469	0
9121	0
89795	1
9855	0
10445	0
5829	0
2648	0
6654	0
3932	0
9877	0
260294	0
5877	0
54861	0
1730	0
3784	0
3623	0
90586	0
1316	0
54939	0
8772	0
4542	0
2263	0
8560	0
4163	0
6259	0
51752	0
317	0
6878	0
9700	0
5813	0
3712	0
1642	0
23145	0
892	0
9679	0
23197	0
6363	0
546	0
2071	0
11099	0
537	0
6636	1
11156	0
10366	0
9002	0
9801	0
5816	0
10992	0
1833	0
6141	1
3298	0
84272	0
23336	0
1186	0
3119	0
8456	0
7220	0
7152	0
3566	0
529	1
9741	0
25924	0
3556	0
4222	0
7748	0
83737	0
987	0
84864	0
2984	0
9528	0
55218	0
7544	0
5635	0
3988	0
10094	0
10469	0
6167	0
4122	0
54499	0
4314	0
10224	0
4239	0
23530	0
908	0
51036	0
10795	0
2580	0
23393	1
10418	0
222229	0
284	0
66036	1
5125	0
247	0
3927	0
55384	0
9899	1
5504	0
7094	0
8844	0
9429	0
3891	0
7592	0
808	1
845	0
5997	0
1847	0
147	0
7782	0
6788	0
5211	0
1142	0
4952	0
10791	1
1291	1
29970	1
51430	1
5584	0
9538	0
3227	0
6759	0
2960	0
5913	0
5551	0
5346	0
25992	0
1052	0
51375	0
4522	0
4188	0
23361	0
4250	0
26585	0
10906	0
5438	0
5617	0
5471	0
8876	0
29896	0
10147	0
974	0
4298	0
8572	0
7913	1
84162	1
133619	0
83939	0
1668	0
9709	0
1613	0
9580	0
65979	0
6278	0
636	0
54454	0
6675	0
1104	0
1406	0
5092	0
11031	0
9552	0
11247	0
5799	1
10437	0
7534	1
117	0
10140	0
2207	0
10384	0
3754	0
5283	0
6597	0
9466	0
9407	0
821	1
5460	0
696	0
8658	0
29952	0
6013	0
54700	0
25983	0
3376	0
9048	0
8651	0
26103	0
2172	0
1431	0
1489	0
3050	0
1805	0
22854	0
2922	0
5333	0
10205	0
5229	0
57194	0
23705	0
4967	0
7754	0
23299	0
6203	0
8050	0
290	0
2909	0
210	0
10312	0
5706	0
6339	0
6722	0
81611	0
2560	1
10517	0
9861	0
27348	0
9587	0
5764	0
9785	0
22983	0
57234	0
10295	0
10330	1
8131	0
8480	0
2593	0
10540	0
8943	0
5074	0
5670	0
7046	0
2920	0
10608	0
23142	0
6305	0
2038	0
9258	0
5305	0
81553	0
4283	0
3799	0
9892	1
57209	0
2048	0
27252	0
9632	0
655	0
6238	0
8614	0
421	0
8125	0
5717	0
26034	1
2332	0
4644	0
10687	0
57185	1
3742	0
23268	0
1024	0
51232	0
3174	0
9900	1
27032	0
57016	0
25830	1
491	1
8269	0
10333	0
3953	0
13	0
9811	0
23052	0
51592	0
1514	0
840	0
1647	0
597	0
9844	0
4693	0
10653	0
57826	0
23264	0
6603	1
8834	0
4867	0
3265	0
7013	0
242	0
51014	0
11116	1
1588	0
32	0
7092	0
9313	0
84164	0
5744	0
443	1
5611	0
10554	0
9643	0
1795	1
51406	0
55744	0
26051	1
23279	0
55661	0
10040	0
22979	0
6869	0
11337	0
6854	1
23246	0
5662	1
25770	0
846	0
7080	0
11070	0
26574	0
1861	0
10962	0
3312	0
26994	1
8550	0
54516	0
60528	0
6445	0
2161	0
2897	0
7114	0
4051	0
7940	0
51666	0
4738	0
1654	0
5432	0
5950	1
25855	0
10781	0
5719	0
10059	0
7432	1
4638	0
10994	0
22890	0
9671	0
1506	0
7141	0
63982	1
4026	0
26107	0
26049	0
7205	0
8908	0
6662	0
27121	0
6522	0
23620	0
2145	0
859	0
9685	0
3693	0
8717	0
8578	0
4507	0
5636	0
2890	0
23549	0
8878	0
9677	0
7367	0
23026	0
9640	0
135	0
4751	0
3344	0
3913	1
4687	0
6489	0
2674	0
3624	0
26135	1
7266	0
1876	0
1759	1
7536	0
51412	0
7916	0
4651	0
6775	0
8208	0
4605	0
26095	0
6430	0
22994	0
79441	0
7813	0
3026	0
23154	1
1528	0
653	0
6919	0
2677	0
11129	0
5439	0
6456	1
3064	0
509	0
84193	0
3708	1
6834	0
1015	0
6790	0
11321	0
367	0
7450	0
11041	0
1821	0
10494	0
5741	0
23132	0
22939	1
6910	0
5599	0
7756	0
3589	0
10625	0
11013	0
8601	1
3597	0
9378	0
1040	0
23059	0
1755	0
23381	0
1138	0
488	0
51096	0
1012	1
56340	0
2182	0
1032	0
5988	0
6584	0
4071	0
22875	0
152	0
57165	0
10939	0
25794	0
55958	1
2931	0
3855	1
10617	0
862	0
341	1
11277	0
8928	0
6232	0
2189	0
22795	0
10521	0
5830	0
8677	0
10400	0
10479	1
4085	0
5590	1
25906	0
23294	0
4172	0
5334	1
80333	0
51588	0
4824	0
9344	0
1173	0
4656	0
309	0
27328	0
10905	0
8672	0
22884	0
51352	0
6943	0
5028	0
29851	0
2113	0
2153	0
7485	0
3383	0
9404	0
10351	0
6534	0
824	0
120	0
22901	0
2568	0
23263	0
4747	1
7773	0
11049	0
6280	0
4670	1
81542	0
4214	0
4920	0
5931	0
203317	0
23101	0
6496	0
9083	0
399	0
57493	0
1811	0
7837	0
5427	0
8030	0
94	0
9975	0
6424	0
5597	0
4818	0
26286	0
2863	0
23179	0
3250	0
8404	0
10197	0
6474	0
8945	0
23081	0
1143	0
7178	0
6964	0
10527	0
23321	0
10007	0
6256	0
23258	0
1457	0
9537	0
1261	0
5155	0
11248	0
1621	0
11318	0
11328	1
161	0
7881	1
53358	0
5145	0
7516	0
11340	0
109	0
8490	0
6168	0
10752	0
54107	0
23471	1
147179	0
25988	0
11140	0
27234	0
2318	0
9214	0
23517	0
7476	0
2764	0
9140	0
57827	0
23071	0
23344	0
10184	0
5869	0
1556	0
54661	0
6699	0
3682	0
5051	0
4593	0
23173	0
27109	0
8974	0
9766	0
7320	0
5049	0
11025	0
7840	0
10590	0
9942	0
5563	0
8639	0
6884	0
911	0
26118	0
2072	0
6253	0
9189	0
3507	0
11097	0
23366	0
9311	0
5733	0
23461	0
2624	0
10846	0
7553	0
2965	0
5805	0
8871	0
9794	0
5330	0
4907	0
8803	0
5058	1
29905	0
9267	0
7130	0
26580	0
7016	0
23121	0
54039	0
9455	0
8841	0
8497	0
8698	0
6829	0
2100	0
8439	0
1006	0
7025	0
11137	0
10951	0
996	0
5568	0
8632	0
2069	0
956	0
3933	0
11194	0
629	0
9024	0
4915	1
23357	0
3204	0
10602	0
154881	0
9936	0
1284	1
4771	0
7357	0
9495	0
10730	0
27302	0
11316	1
27287	0
3772	0
5137	0
9123	0
5604	1
4935	0
26156	0
1160	0
10021	0
9453	0
9920	1
869	0
1592	0
5886	0
9715	0
23478	0
6833	0
10247	0
25816	0
5134	0
2997	0
8986	0
4888	0
26275	0
10558	0
6570	0
7542	0
1770	0
54476	0
5458	0
2735	0
6898	0
1209	0
6159	0
6655	0
55885	0
7077	0
7390	0
6275	0
991	0
5727	0
23234	0
9107	0
23401	0
9446	0
11214	0
8507	1
3535	0
2348	0
931	0
23211	0
113177	0
30848	0
6903	0
7185	0
1198	0
7975	0
8854	0
8326	0
7444	0
23114	0
8648	0
55174	0
6146	0
5413	0
88523	0
7705	0
7140	0
1299	0
1781	0
60682	0
51362	0
9289	1
2157	0
1611	1
9853	0
322	0
26104	0
55922	0
3046	0
575	0
6689	0
9912	1
5523	0
4886	0
10956	0
9130	0
7126	0
24138	0
9721	0
699	0
5195	0
960	1
818	0
92856	0
1038	0
9761	0
9570	0
10410	0
2908	0
9516	1
5910	1
354	0
10566	0
23483	0
10915	0
5291	0
4758	0
10622	0
7165	1
7070	0
4225	0
2734	0
10857	0
3240	0
6124	0
11065	0
23355	0
2527	0
11080	0
6581	0
8218	0
9588	0
1850	1
8987	0
10396	1
1346	1
1964	0
3396	0
10395	0
10156	0
7356	0
1004	0
891	0
8898	0
6574	0
25864	0
1013	0
8853	0
22873	0
8233	0
5688	0
7538	0
23201	0
1806	0
4013	0
10322	0
9392	0
23660	0
7369	0
1370	0
23109	1
3920	0
8513	0
2649	0
3804	0
9733	0
6645	0
9829	0
9119	0
899	0
2689	0
3131	1
3765	0
10769	1
6899	0
9758	1
6263	0
10325	0
91754	0
4254	0
1979	0
5437	1
51754	0
22833	0
26115	0
7188	0
11346	0
3066	0
1948	0
10808	0
795	0
1609	0
794	0
4983	0
64771	0
4853	0
10237	0
8794	0
944	0
116828	0
1780	1
5304	0
23521	0
11199	0
1317	0
957	0
5298	0
8533	0
3996	0
2596	0
1503	0
6366	0
28954	0
80271	1
54211	0
10216	0
10959	0
23387	0
55274	0
51049	0
7637	0
23531	1
10280	0
1286	0
6993	1
1796	0
9786	0
3385	0
5339	0
2998	0
55818	0
2638	0
5921	0
355	0
553	0
2058	0
8811	0
9553	0
2643	0
8443	0
2877	0
79921	0
171220	0
6508	0
5534	0
6879	0
7372	0
10716	1
5317	0
23546	0
5878	1
22866	1
195	0
2005	0
5321	0
5800	0
23368	0
23512	0
831	0
6195	0
5879	0
5507	1
1960	1
2355	0
8303	0
5495	0
1241	0
23329	0
9720	0
1441	0
80308	0
4753	0
11104	0
11009	0
1027	0
30000	0
1953	0
23174	0
5983	0
10982	1
26009	0
50853	0
7011	0
9854	0
7884	0
5868	0
9275	0
11232	0
6793	0
1571	0
90957	0
9885	0
7421	0
905	0
3308	0
9093	0
10607	0
7554	0
56242	0
6400	0
9909	0
7805	0
8115	0
302	0
22984	0
6732	0
3842	0
9839	0
593	0
3358	0
10123	0
402	0
8604	1
11019	0
8438	0
10748	0
57576	0
6000	1
8996	0
81544	0
23008	0
1641	0
640	0
6139	0
1384	0
23203	0
5205	0
3184	0
9158	0
2068	0
8531	1
10695	0
1464	0
10632	0
8573	0
22853	0
7058	0
23001	0
10536	0
7008	0
4354	0
2018	0
3426	0
6132	1
2977	0
3235	0
57237	0
2011	0
90121	0
5052	0
9901	0
5430	0
3452	1
23646	0
8787	0
8334	0
4435	0
51741	0
3189	0
3569	0
8570	0
9172	0
6152	0
9649	0
1593	0
10778	0
705	0
10534	0
6291	0
11056	0
5763	0
56929	0
29855	0
1720	0
4763	0
5786	0
5550	0
7841	0
1432	0
785	0
8678	0
6621	0
599	0
23382	0
23475	0
587	0
8930	0
1235	0
58530	0
60496	0
3814	0
23639	0
95	0
8742	0
9465	0
3291	0
923	0
3835	0
8739	0
2051	1
6338	0
8241	0
5791	0
4968	0
5382	0
753	0
10920	0
8034	0
9080	0
23673	0
51690	0
7343	0
64582	0
10762	0
9358	0
8942	0
55699	0
55568	0
6093	0
5705	0
2742	0
5909	0
22823	0
5528	0
9988	0
86	1
9860	0
10875	0
23769	0
656	0
2170	0
2335	0
9182	0
2921	0
91949	0
4726	0
435	0
10519	0
23399	0
10652	0
9321	1
23239	0
6560	0
3195	0
1482	0
6304	1
51593	0
27251	0
885	1
54541	0
3783	0
6355	0
27301	0
10824	0
829	0
8833	0
22920	0
596	0
1297	0
1521	0
5029	0
2352	0
81552	0
5420	0
6515	0
55837	0
6237	0
9047	0
1082	0
1066	0
114049	0
9179	0
1956	0
10332	0
26035	0
10024	0
2235	0
2778	0
238	0
54361	0
3604	0
58517	0
11039	0
8613	0
4792	0
25956	0
9554	0
23221	0
57538	0
3760	0
2631	0
9987	0
7571	0
10294	0
9869	0
4152	0
9945	0
25974	0
9804	1
57405	0
114548	0
201134	0
10436	0
3297	0
4647	0
10948	0
5407	0
4246	0
27237	0
84612	0
713	0
9577	0
51308	0
5518	0
10270	0
6608	0
23198	0
7746	0
3557	0
4233	0
10794	0
23337	0
27429	0
9529	0
4215	0
25801	0
6845	0
23099	0
83989	0
1290	0
7170	0
7024	0
26048	0
26136	0
64116	0
1527	0
2162	0
4308	0
4707	0
8666	1
2574	0
6927	0
9242	0
3126	0
631	0
547	0
81698	0
1616	0
23394	0
396	0
4694	0
482	0
949	0
23122	1
8237	0
7429	0
10454	0
4713	0
9071	1
23043	0
8760	0
1047	0
3856	0
10263	0
7903	0
10482	1
909	0
9814	0
51020	0
4121	0
9472	1
5583	0
9708	0
2618	0
1124	1
56890	0
8317	0
10010	0
5618	0
7490	0
1163	0
146540	0
154796	0
8398	0
84243	0
54453	0
29893	0
7328	0
4141	0
5822	0
9743	0
23654	1
1729	0
6565	0
64714	0
9641	0
8453	0
6550	0
356	0
2720	1
22916	0
528	0
8556	0
164	0
4325	0
9751	1
7803	0
2678	0
23092	0
8728	0
27299	0
7249	0
2898	0
10165	0
8647	0
1050	0
22878	0
9712	0
8938	0
7290	0
9937	0
29775	0
6928	0
5936	1
30008	0
23580	1
26053	0
7587	0
1031	0
22887	0
8774	0
29894	0
23037	0
4585	0
9695	0
8882	0
2538	0
1364	0
8242	0
10411	1
23524	0
7074	0
634	0
7866	0
56948	0
27332	0
23293	0
6700	0
22836	0
8731	0
2551	0
7378	0
23113	0
978	0
3741	0
5577	1
3752	0
81689	0
80869	1
10421	0
378	0
6657	1
889	0
7263	0
4926	0
5198	0
1233	0
6121	0
11068	0
3972	0
26146	0
92689	0
211	0
684	0
7168	0
6188	0
4946	0
5689	1
389	1
25758	0
5510	0
1660	0
7082	0
3207	0
3887	0
6649	0
23199	0
9154	0
5875	1
7023	0
65012	0
5146	0
9447	0
9355	0
10476	0
9783	1
80208	0
1954	0
218	0
25793	0
7127	0
5918	0
79068	0
6902	0
56005	1
5261	0
2567	0
10244	0
4602	0
5473	0
4321	0
9295	0
11309	0
10274	0
8447	0
9692	0
3158	0
9100	0
9774	0
8487	0
2767	0
5685	0
6769	0
3667	0
10181	0
1778	1
1859	0
80867	0
2339	0
9124	0
10603	0
10254	0
5986	0
10480	1
3782	0
98	0
9897	0
1048	0
1278	0
2901	0
29105	0
23468	0
1381	0
147339	0
23623	0
23348	1
2054	0
3792	0
92170	0
27238	0
3735	1
3635	0
11126	0
23770	0
4921	1
1555	0
586	0
81875	0
2870	0
4337	0
10560	0
11071	0
23322	0
410	0
8763	0
6764	1
999	0
8749	0
7706	0
9112	0
10840	0
1185	0
6286	0
23089	0
1741	0
22907	0
4211	0
10753	0
1130	0
8545	0
1315	0
26099	0
9911	0
4599	0
189	0
10952	1
2330	0
11143	0
107	0
6169	0
87	0
4099	1
57499	0
6392	0
23710	1
6191	0
3796	0
23516	0
221	0
23030	0
4486	0
23245	0
417	0
6198	0
9831	0
10767	0
27314	0
8975	0
23064	0
4547	0
9413	0
5912	0
734	0
2798	0
2952	0
10267	0
9890	1
9491	0
54765	1
8879	0
56998	0
7543	0
22938	0
11235	0
2524	0
381	0
1471	0
5806	0
9917	0
5896	0
5694	0
55660	0
23189	0
4330	0
7424	0
373	0
9659	1
26873	0
10893	0
2078	0
10475	0
5359	0
5609	0
773	0
7319	0
11014	0
1576	0
3448	0
7133	0
84220	1
23027	0
6136	0
8842	0
5091	0
5352	0
2874	0
1622	0
57460	1
23358	0
6776	0
10943	0
3685	0
10991	0
975	0
3605	0
7162	0
5271	0
8395	0
5753	0
9820	0
2199	0
9256	1
23166	0
5004	0
3709	0
6585	0
6352	0
3002	0
54475	0
22828	0
6710	0
8692	1
10914	0
200424	0
4173	0
3113	1
22925	0
1893	0
10432	0
9375	0
3572	0
534	1
3690	0
9061	0
4286	0
5701	0
10449	0
744	0
23082	0
26145	0
7068	0
5347	0
10616	0
1952	0
10801	1
287	0
10635	0
475	0
85236	0
65108	0
8624	0
932	0
3908	0
9037	0
515	0
8927	1
1525	0
23325	0
10195	0
4047	0
10555	0
11278	0
1107	0
10124	0
27285	0
3838	0
22997	0
26584	0
9266	0
79173	0
23272	0
23266	0
3598	0
25913	0
5652	0
7301	0
3958	0
9515	0
11331	0
1195	0
5646	0
5082	0
3831	0
10174	0
9865	0
54626	0
2192	0
1995	0
333	1
6945	0
11183	0
30836	0
9738	0
6944	0
6525	0
4040	0
29799	0
10650	0
3985	0
8508	0
253443	0
25961	0
50717	0
29072	0
2181	0
26050	0
23513	0
93487	0
25852	0
9650	0
55544	0
6283	0
2306	0
9167	0
79882	0
2695	0
9644	0
1238	0
10661	0
1559	0
1793	0
26092	0
7157	0
23635	0
22893	0
6491	0
22898	0
1937	1
4688	0
57556	0
5542	0
5364	0
5154	0
11339	0
182	0
3422	0
7380	0
11117	0
4146	0
10493	1
10043	0
10768	0
23070	0
11171	0
815	1
81565	0
167	0
7431	1
9631	0
11238	0
26284	0
63931	0
9118	1
1907	0
6442	0
11341	0
5933	0
9314	0
27350	0
11329	0
3769	0
6575	0
1174	0
4023	1
10965	0
393	0
3020	1
6482	0
9051	0
5892	0
658	0
22847	0
10463	0
274	0
7276	0
3550	0
5989	0
3034	0
10551	0
7407	0
5297	1
9324	0
8718	0
2891	0
25849	0
8323	0
9559	0
51090	0
8916	0
5586	0
1520	0
6835	0
3965	0
5127	0
303	0
6521	0
81605	0
2963	0
6446	0
6019	0
2959	0
23595	0
7741	0
11027	0
9923	0
6850	0
5046	0
10879	0
22794	0
7091	0
6005	0
1373	0
8893	0
6320	0
9086	0
11154	0
2925	0
27099	0
9971	0
5329	0
5591	0
2239	0
7284	0
10979	0
5905	0
23369	0
3029	0
4255	0
8526	0
3587	0
51663	0
84823	0
3313	0
11196	0
1824	0
2917	0
2342	0
832	0
23229	1
23214	0
2135	0
50649	1
3916	0
26123	0
23390	0
9986	0
6514	0
6006	0
1831	0
6376	0
23053	0
54466	0
81566	0
6590	0
6247	0
113419	0
51286	0
3868	0
5519	0
1404	0
9183	0
1543	0
6786	0
8366	0
4124	0
22899	0
4985	0
23275	0
2986	0
26130	0
347	0
3558	0
9425	0
2586	0
23271	0
55578	0
9079	1
1184	0
10260	0
6651	0
865	0
5982	0
5557	0
4216	0
9085	0
8295	0
6046	0
9857	0
4134	0
5920	0
7298	0
5603	0
689	0
8829	0
8618	1
8756	0
9806	0
53635	0
199731	0
2869	0
10050	0
5047	1
9902	1
10435	0
9473	0
23395	0
1725	0
23213	0
727	0
9147	0
10488	0
10543	0
939	0
6511	0
10483	0
4600	0
23042	0
2619	0
57509	0
23657	0
10092	0
10208	0
4858	0
6170	0
6720	0
9767	0
4237	0
1537	0
894	0
10018	0
4850	0
1298	0
26236	0
3425	0
2222	0
5915	0
27185	0
954	0
11249	0
3460	1
22913	1
4524	0
10404	0
25786	0
5376	0
4950	0
7468	0
5393	0
10577	1
754	0
9527	0
23338	0
10149	0
10793	0
8165	0
55361	0
5680	0
10973	0
27290	0
22978	0
3061	0
23640	0
10797	0
1003	0
4147	0
6223	1
4355	0
6713	0
1800	0
23523	0
55627	0
8467	0
10226	0
1717	0
54744	0
10747	0
9653	0
7122	0
57720	0
1848	0
2176	0
9185	0
10928	0
4882	0
9689	0
7067	0
10978	0
8288	0
10904	0
3418	0
598	0
780	1
8498	0
3547	0
2317	0
6015	1
5331	0
3490	0
240	0
6477	0
230	1
115	0
23107	0
922	0
9400	0
10535	0
10103	0
11030	0
2319	0
2741	0
2628	0
1072	0
9846	0
55786	0
1394	0
7044	0
8872	0
2251	0
1277	0
55810	0
25859	0
22941	1
11217	0
7570	0
23314	0
8721	0
10786	0
10207	0
51230	0
7597	0
4488	0
5889	0
2562	1
3094	0
6599	0
6294	0
1967	0
8900	0
24140	0
9813	0
9742	0
56926	0
657	0
9870	0
5616	0
9412	0
1783	0
4642	0
5383	0
10099	0
4126	0
10825	0
10667	0
9541	0
3800	1
5090	1
25804	0
6538	0
11120	0
9514	0
23509	0
1996	0
8988	0
10682	0
8839	0
54103	0
26043	0
23289	0
4695	0
4584	0
54629	0
9436	0
5781	0
10116	0
6143	1
10658	0
2065	0
4150	0
23158	0
8832	0
51208	0
10651	0
9331	0
4634	0
1196	0
55856	0
1114	1
7050	1
6452	0
26509	0
8019	0
239	0
11044	0
8625	0
9589	0
2277	0
363	0
3198	0
4140	0
26032	0
3215	0
5834	0
10281	0
3059	0
116372	0
6161	0
8031	0
5243	0
25865	0
7855	0
57183	1
9046	0
4062	0
6757	0
6096	0
7629	0
1314	0
79912	0
55324	0
23568	0
1798	0
2535	1
522	0
3352	0
667	0
11021	0
9836	0
313	0
2017	0
6917	0
10219	0
4322	0
8565	0
57242	0
140901	0
27074	0
6876	0
83475	0
7980	0
10188	0
7136	0
23020	1
3841	0
8748	0
23774	0
8869	0
3077	0
3305	0
8605	0
10039	0
50813	0
9879	0
9201	1
83988	0
8567	0
5496	0
23424	0
9031	0
6794	0
11200	0
158427	0
9863	0
10321	0
7182	0
4267	1
7323	0
140462	0
6138	0
7006	0
22856	0
3187	0
8302	0
5055	0
23165	0
8559	0
8178	0
1938	0
94039	0
5545	0
23180	0
27020	1
3107	0
5277	0
26239	0
3441	0
9390	0
23433	0
1813	0
2004	0
8804	0
79071	0
11163	0
10613	0
6128	0
9506	0
5649	0
23018	1
2297	0
2214	0
10307	0
9750	0
23645	0
6566	0
11127	0
6907	0
6625	0
357	0
64149	0
25774	0
10443	0
3236	0
9134	0
6582	0
4008	0
10288	0
80256	0
9637	0
7106	0
92703	0
6648	0
5395	0
7371	0
2132	0
25759	0
8078	0
23091	0
3181	0
84869	0
3751	0
5537	0
1889	0
2272	0
23600	0
2692	0
2646	0
7414	0
10	0
10500	0
91137	0
65110	0
23532	0
10076	0
6677	0
51585	0
1736	0
958	0
92211	0
3299	0
5445	0
10311	0
10236	0
1978	0
10153	1
10231	1
10477	0
173	0
8512	0
23049	0
10372	0
27000	0
7280	0
9826	0
8536	0
5272	0
8887	0
9723	0
28951	0
3674	0
9734	0
9094	0
23190	0
3625	0
9360	0
5580	0
59	0
25792	0
2091	0
10623	1
3329	0
7461	0
6103	0
5316	0
5939	0
2358	0
9099	0
1949	0
55565	0
64067	0
2247	0
5927	0
157542	0
9270	0
4958	0
1016	1
799	0
26011	0
925	0
10588	0
5657	0
22830	0
390	0
3357	0
1515	0
9218	0
9757	0
1955	0
9533	0
8985	0
6633	0
9619	0
945	0
8448	0
2784	0
8805	0
5543	0
5153	0
3791	0
331	0
4917	0
358	0
5516	1
11142	0
26206	0
3606	0
2746	0
6596	0
5284	0
6965	0
55651	0
3037	0
22809	1
2070	0
5099	0
90865	0
7465	1
6843	0
5366	0
4112	0
27236	0
9910	1
9934	0
220	0
4336	1
7283	0
8665	1
1312	0
7707	0
6882	0
7873	0
5293	0
7253	0
60489	0
7100	0
11076	1
1263	0
10486	1
9590	0
10210	0
4170	1
3811	0
4017	0
8541	1
23463	0
50937	0
7107	0
572	0
3762	0
6814	0
5269	1
5253	0
26137	0
6483	0
9082	0
7029	0
2549	0
3795	0
5947	1
3146	0
6564	0
65005	0
7275	0
9891	1
9108	0
1573	0
3684	0
22944	0
11230	0
7155	0
23423	0
8092	0
9414	0
2799	1
10388	0
51763	0
2324	0
23359	0
933	0
4174	0
2217	1
55888	0
348	0
6386	0
10630	1
58500	0
10953	0
7053	0
2052	0
7423	0
51172	0
2868	0
4496	0
7353	0
627	1
993	0
23191	0
1308	0
54505	0
6204	0
5357	0
6844	1
57244	0
388	0
5792	0
5350	0
79080	1
5053	0
5888	0
90338	0
9180	0
9970	0
4190	1
23187	0
11236	0
1842	0
6197	0
150967	0
8741	0
9658	0
26052	0
9925	0
3316	0
11067	0
9060	0
8886	0
23304	0
1270	0
3881	1
23038	0
5318	0
10420	0
1389	0
3508	0
324	1
9362	0
5987	0
10584	0
9667	0
637	0
5566	0
27030	0
2066	0
8027	0
4223	0
10556	0
23011	0
5031	0
5147	0
26154	0
10286	0
10095	0
2679	0
752	0
10409	0
1232	0
6554	0
2899	0
2941	0
9136	0
379	0
9572	0
5132	0
80868	0
3964	0
10360	0
9448	0
23558	0
535	0
6901	0
683	0
58509	0
79629	0
2260	1
1215	0
23481	1
5529	0
5729	0
29927	0
3886	0
11102	0
2995	0
27165	1
22981	0
5624	0
8243	0
8821	0
6176	0
5937	0
765	0
5033	0
2552	0
312	0
5007	0
2521	0
29903	0
7804	0
23143	01002	0
23112	0
6187	0
4837	0
6391	0
7508	1
10873	0
5456	0
259230	0
9784	0
3398	0
10946	0
80143	0
567	1
23210	0
6120	0
5585	0
4925	0
3749	0
8170	0
4897	0
3115	1
9883	0
220965	0
965	0
9601	1
10474	0
2079	0
1395	0
50999	0
286	0
1075	0
5511	0
25945	1
800	0
10606	0
27308	0
9922	0
9338	1
57092	1
11059	0
8732	0
1365	0
6443	0
10491	0
3613	0
10726	0
51421	0
25843	0
6258	0
7083	0
7128	0
8727	0
607	0
1807	0
23313	0
9101	0
2902	1
23434	0
51103	0
3093	0
5264	0
3860	0
29994	0
5230	0
3575	0
6804	1
816	1
9797	0
5307	0
5775	0
7075	0
10245	0
1062	0
3112	0
6362	0
3169	0
84308	0
22848	0
7381	0
8450	0
10102	0
4240	0
23124	0
6476	0
10599	0
10403	0
445	0
9315	0
2131	0
9675	0
10423	0
1339	0
9919	0
11072	0
22892	1
3866	0
4741	0
8544	0
26093	0
2120	0
9898	0
26091	0
4603	0
6664	0
6284	0
4636	0
10057	0
1581	0
2147	0
1604	0
7678	0
6520	0
57215	0
11176	0
868	0
65123	0
1140	0
4922	0
51674	0
3417	0
5189	0
10133	0
2035	0
197	0
2208	0
7158	0
5187	0
5820	0
8576	0
1500	0
23508	0
23248	0
22928	0
5693	0
4175	0
1295	0
3028	0
26040	0
3978	0
1111	0
3281	0
8702	0
8500	0
23209	0
6018	0
3249	0
10964	0
8771	0
4055	0
7408	0
112950	0
23759	0
27245	0
25827	0
51606	1
9728	1
5686	0
4807	0
23733	0
1690	0
8940	0
10645	1
10878	1
7090	0
10462	0
8224	0
617	0
10892	0
8840	0
6932	0
5151	0
10850	0
10277	0
5244	0
3801	0
6692	0
8470	0
10552	0
29760	0
7727	0
2918	0
5704	0
251	0
1594	0
91647	0
10492	0
4986	0
10648	0
1548	0
6447	0
5634	1
5434	0
9823	0
4053	0
81628	0
1823	0
8775	0
23192	0
2267	0
2537	0
5026	0
5999	1
887	0
23543	0
6613	0
5520	0
8527	0
10121	0
27445	1
3371	1
23028	1
1496	1
8864	0
93164	0
9772	0
23167	1
10049	0
8479	0
11181	0
1108	1
10196	0
1014	0
54788	0
2760	0
843	0
23403	0
6499	0
4677	0
2315	0
2257	1
9696	0
610	0
3973	0
2444	0
725	0
3921	0
6426	0
4088	0
22937	0
7336	1
1994	0
5348	0
10440	1
5754	0
10720	0
171586	0
27021	0
3857	0
8416	0
1136	0
4048	0
22996	0
1175	0
9170	0
9235	0
81620	0
79161	0
1326	0
6402	0
22849	0
10175	0
3714	0
23265	0
1452	0
5771	0
6234	0
26278	0
6509	0
1337	0
23131	1
8710	0
8939	0
6524	0
2098	0
3101	0
3837	0
9645	1
245	0
8795	1
7171	0
4974	0
7203	1
5498	0
5651	0
9479	0
9308	0
3012	0
332	0
9111	1
1965	0
5311	0
745	1
11330	0
3691	0
91782	0
29798	0
10141	0
55308	0
8495	0
10518	0
79073	0
1434	0
6279	0
10755	0
1045	0
11145	0
7531	0
10289	0
5881	0
9435	0
23269	0
1069	0
123720	0
368	0
4007	0
23288	0
5998	0
3078	0
26033	1
9845	0
23139	0
10903	0
221395	0
26238	0
1849	0
4680	0
8615	0
492	0
2740	0
208	0
2271	0
27351	0
9212	0
6318	0
292	0
2773	0
9540	0
9706	1
51761	0
6455	0
291	0
3703	0
25805	0
26471	0
3071	0
5714	0
114	0
25783	0
8287	0
5384	1
5778	0
9045	0
10512	0
5054	0
23212	0
25828	0
5784	0
9356	0
5479	1
51433	0
10750	0
3636	0
241	0
23051	0
3133	0
2561	0
79602	0
6007	0
327	0
10666	0
1281	0
3675	0
3491	0
6307	1
1603	1
54498	0
5833	0
25803	0
24	0
54882	0
23515	0
3321	0
7014	1
2049	0
104	0
9169	0
8336	0
9415	0
23130	0
1558	0
54543	0
5422	0
5794	0
11250	0
5782	0
4881	0
10452	0
1513	0
2175	0
1264	0
6809	0
23150	0
10677	0
57498	0
4905	1
1633	0
10367	0
51097	0
47	0
5332	0
1942	0
9701	0
4217	0
1017	1
6296	0
10331	0
2042	1
1057	0
538	0
3748	0
5375	0
57241	0
5897	0
27253	0
9816	0
8664	1
9500	0
4711	0
28831	0
23276	0
521	0
162	0
433	0
6095	0
9073	0
9976	0
25836	0
64112	1
1912	0
3293	0
786	0
23054	0
9805	0
4148	0
11314	0
6742	0
4082	0
4297	0
7221	0
1401	0
719	0
4289	0
5163	0
902	0
827	0
64410	0
266	0
1742	0
1353	0
3128	0
2585	0
8697	0
57235	0
23431	0
7297	1
4864	0
6671	0
4440	0
2892	0
7716	0
6950	0
97	0
2983	1
6665	0
10293	0
9947	0
9474	0
774	0
5602	1
5101	0
4306	0
5711	0
910	0
6224	0
10810	0
2701	0
4601	0
5098	0
8690	0
4123	0
55732	0
6929	0
8653	0
10261	0
57142	1
23041	0
8969	0
6414	0
8766	0
2309	0
3959	1
23396	0
7341	0
9652	0
6047	0
10434	0
2558	1
6885	0
10253	0
10499	0
10051	0
5210	0
23380	0
23339	0
5923	1
755	0
10276	0
8631	0
5394	0
25972	0
54739	0
7545	0
57540	0
9146	0
2268	0
26138	0
6448	0
56125	0
9931	0
1497	0
22977	0
4236	0
23522	0
25787	0
5746	0
10465	0
4615	0
8740	0
411	0
11257	0
9135	0
6583	0
6370	0
6789	0
2579	0
10489	0
2016	0
10154	0
3934	0
3182	0
942	0
7358	0
25898	0
10490	1
7692	0
22982	0
29978	0
6634	0
79586	0
2647	0
29902	0
190	0
9775	1
56252	0
10239	0
2802	0
822	0
1739	1
10393	0
231	0
6102	1
4700	0
9524	0
4720	0
9361	0
5926	0
10587	0
7365	0
26117	0
57416	0
3753	0
6647	0
2823	0
10206	1
80273	0
8813	0
3177	0
9194	0
4583	0
10610	0
23012	0
22838	1
11017	0
1665	0
23541	0
5446	0
23305	0
2252	0
113251	0
23065	0
9618	0
6231	0
8720	0
9326	0
3122	1
6461	0
9398	0
5076	0
79053	1
2053	0
6779	0
26102	0
4064	0
9878	0
9827	0
23094	0
4775	1
10446	0
8815	0
8896	1
223117	0
4904	1
5993	0
9735	0
4045	0
24148	0
9690	0
8204	0
25799	0
6332	0
5431	0
1366	0
10945	1
223	0
26953	0
54474	0
10152	0
1043	0
4999	0
79036	0
6014	0
2660	0
7264	0
28952	0
23152	0
1852	0
5893	0
7737	0
3449	0
639	0
5470	0
22865	0
4957	0
10806	0
11024	0
10669	0
9271	0
23636	1
5306	0
216	1
3351	0
64764	0
29957	0
5116	0
3600	0
10523	0
1951	0
5326	0
6586	0
2766	0
7135	0
3661	0
5526	1
6635	1
10693	0
1794	0
10605	0
26017	0
2193	0
676	0
9053	1
3191	0
51454	0
9567	0
23360	0
1183	0
6877	0
8989	0
54435	0
4312	0
9202	0
7556	0
11155	0
2215	0
2671	0
123	0
7818	0
8372	0
11077	0
9032	0
5828	0
8402	0
53616	0
2294	0
51047	0
25891	0
10320	0
1369	0
8535	0
54	0
3347	0
9391	0
10230	0
16153	0
57730	0
8525	1
839	0
2520	0
10926	0
88	0
5175	0
1009	0
25878	0
10227	0
27296	0
1829	0
5803	0
25939	0
9856	0
3698	0
57035	0
5876	0
8792	0
1629	0
55346	0
6576	0
4197	0
9837	0
3150	1
4487	0
4678	0
2729	0
3164	0
57037	0
9265	0
5575	0
84981	0
22871	0
9749	0
3454	0
64750	0
9551	0
11212	0
8189	0
6897	0
9125	0
2885	0
2487	0
3188	0
27309	0
7322	0
9764	1
57819	0
192683	1
113878	0
10481	0
2669	0
9581	1
3567	0
